C1,C2
10024,10005
10426,10083
10487,10380
10622,10668
10796,10908
10853,11103
11085,11318
11089,11590
11309,11925
11426,12050
11536,12223
11591,12235
11751,12256
11897,12281
11933,12325
12133,12408
12228,12565
12317,12686
12503,12792
12508,13039
12646,13111
12805,13207
12924,13241
13011,13585
13046,13958
13145,13958
13174,13958
13278,13958
13289,13958
13553,13958
13557,13958
13684,13958
13776,14216
13795,14216
13826,14216
13839,14216
13870,14216
13886,14216
13958,14216
14115,14216
14118,14216
14154,14216
14216,14216
14229,14216
14442,14521
14456,14521
14480,14521
14497,14521
14521,14805
14570,15044
14622,15393
14673,15535
14754,15545
14871,15560
14891,15690
14983,15700
14996,15764
15096,15882
15131,16079
15262,16115
15586,16218
15660,16527
15751,16528
15964,16847
16028,17131
16053,17289
16076,17327
16227,17447
16286,17486
16427,17593
16441,17638
16457,17659
16610,18043
16621,18065
16708,18158
16797,18720
16856,18935
16859,18947
16960,18949
17019,18964
17158,19000
17199,19049
17321,19210
17461,19487
17558,19663
17677,19703
17780,19747
17794,20008
17827,20119
18072,20178
18098,20251
18136,20405
18194,20405
18240,20405
18242,20507
18287,20586
18309,20771
18410,20886
18436,21128
18518,21157
18545,21420
18574,21543
18592,21830
18596,22386
18649,22428
18701,22718
18717,23022
18765,23071
18811,23080
18840,23131
18891,23131
18958,23131
19228,23131
19311,23131
19422,23131
19446,23131
19535,23131
20026,23131
20085,23131
20255,23131
20270,23131
20275,23131
20278,23131
20287,23131
20294,23139
20386,23209
20405,23236
20434,23370
20491,23742
20505,23805
20510,24105
20514,24258
20527,24325
20644,24528
20717,24754
21011,24922
21017,24977
21159,25250
21185,25253
21283,25516
21571,25567
21820,25678
21893,25777
21913,26071
21931,26073
21967,26171
22010,26386
22150,26386
22160,26386
22237,26386
22481,26386
22552,26386
22577,26425
22620,26655
22664,26693
22799,26969
22832,27041
22924,27138
23131,27209
23162,27474
23638,28004
23705,28216
23965,28489
24165,28581
24393,28935
24399,29055
24440,29082
24518,29096
24552,29229
24642,29344
24669,29400
24698,29422
24862,29422
24911,29514
24974,29608
25039,29640
25075,29653
25077,29787
25243,29804
25349,30087
25378,30317
25393,30442
25679,30547
25694,30571
25759,30788
25767,30878
25894,30895
26035,30998
26109,31126
26229,31194
26263,31361
26386,31406
26395,31486
26414,31546
26475,31547
26506,31621
26769,31704
26818,31766
26960,31956
26964,32104
26965,32104
27132,32104
27141,32104
27171,32104
27205,32104
27306,32104
27317,32104
27324,32104
27503,32104
27990,32104
28208,32104
28294,32104
28334,32104
28356,32104
28546,32104
28670,32104
28717,32104
28950,32187
28972,32416
29327,32565
29343,32612
29422,32857
29424,32872
29610,33002
29725,33464
29752,33591
29840,33974
29944,33979
30019,34267
30072,34339
30105,34431
30136,34797
30330,34799
30405,34930
30412,35029
30424,35057
30454,35057
30590,35057
30720,35057
30770,35057
30825,35057
30847,35057
30912,35057
30935,35057
30956,35057
30986,35057
31081,35057
31141,35057
31164,35057
31294,35057
31358,35085
31400,35328
31538,35819
31557,35819
31670,35819
31751,35819
31924,35819
32020,35819
32096,35819
32104,35819
32146,35819
32167,35838
32208,35927
32312,36000
32323,36036
32349,36117
32398,36229
32422,36776
32438,37183
32574,37190
32629,37272
32785,37363
32817,37403
32867,37444
32901,37500
33038,37525
33250,37771
33264,37772
33467,37908
33548,37915
33558,38425
33643,38554
33671,38596
33674,38715
33738,38758
33748,38908
33766,38989
33836,39052
34050,39213
34116,39339
34225,39385
34661,39471
34861,39710
34945,40000
35024,40217
35057,40495
35084,40597
35121,40613
35157,40935
35230,40986
35339,41105
35556,41373
35563,41610
35750,41619
35797,41706
35819,41764
35845,41774
35996,41818
36049,41912
36150,42035
36159,42061
36177,42249
36190,42291
36209,42427
36251,42484
36340,43017
36428,43120
36538,43128
36552,43164
36576,43542
36615,43633
36647,43664
36650,43866
36683,43875
36684,43916
36713,43948
36746,43948
36828,43948
36922,43948
36961,43948
37273,43948
37312,43948
37361,43948
37392,43948
37491,43948
37494,43948
37670,43948
37751,43948
37754,43948
37794,43948
37872,43948
37969,43980
37971,44025
38146,44088
38184,44088
38225,44088
38396,44088
38433,44088
38526,44088
38666,44088
38836,44088
39082,44088
39197,44088
39281,44088
39296,44088
39310,44088
39326,44088
39439,44088
39724,44088
39889,44088
40049,44088
40513,44088
40666,44197
40839,44427
40842,44460
40865,44745
40870,44984
40915,45099
41085,45242
41165,45395
41188,45424
41202,45473
41222,45523
41538,45605
41660,45650
41717,45668
41722,45846
41724,46015
41737,46027
41778,46098
41918,46171
41955,46189
42062,46301
42174,46386
42293,46693
42413,46700
42459,46791
42497,46857
42529,46924
42578,46924
42662,46924
42664,46924
42771,46924
42818,46924
42920,46924
43012,46924
43109,46924
43833,46924
43948,46924
44088,46924
44172,46924
44179,46924
44240,46924
44343,46924
44609,46924
44638,46924
44648,46924
44675,46924
44728,46936
44736,47057
44781,47057
44811,47057
44851,47057
44901,47057
44989,47057
45073,47057
45191,47057
45245,47057
45284,47057
45455,47057
45507,47057
45631,47057
45637,47057
45695,47180
45756,47261
45805,47356
45988,47436
46112,47438
46116,47443
46228,47457
46469,47566
46746,47624
46775,47909
46805,48193
46924,48355
46956,48653
46967,48770
47055,49220
47057,49227
47082,49240
47144,49588
47368,49595
47399,49603
47438,49739
47512,49989
47535,50349
47631,50710
47633,50912
47697,50970
48137,51159
48177,51508
48235,51610
48319,52219
48341,52269
48430,52276
48453,52372
48544,52459
48547,52868
48556,52980
48804,53019
48823,53055
48923,53224
48953,53247
49139,53388
49256,53482
49305,53592
49438,54336
49441,54463
49551,54484
49584,54539
49749,54539
49752,54539
49766,54539
49926,54539
50188,54539
50253,54539
50417,54539
50427,54579
50451,54666
50558,54746
50559,54757
50681,54986
51049,55196
51134,55200
51219,55364
51290,55364
51307,55364
51398,55364
51583,55364
51589,55364
51739,55364
52115,55364
52166,55364
52212,55364
52309,55621
52363,55876
52676,56026
52751,56111
53030,56409
53154,56724
53184,56929
53465,56940
53630,56967
53845,57029
54311,57127
54379,57168
54431,57168
54499,57168
54539,57168
54875,57168
54885,57185
54888,57325
54931,57329
55034,57352
55097,57385
55276,57619
55337,57702
55364,57702
55426,57702
55476,57702
56254,57702
56329,57702
56355,57702
56422,57779
56487,57782
56611,57964
56672,57974
56739,58014
56827,58014
56951,58014
57007,58014
57026,58014
57051,58014
57168,58014
57372,58014
57405,58014
57624,58014
57693,58014
57702,58014
57761,58014
57767,58014
57804,58014
57922,58131
58014,58160
58098,58264
58189,58313
58199,58776
58258,59074
58449,59246
58779,59406
58786,59466
58951,59576
59112,60032
59214,60254
59444,60284
59696,60296
59924,60459
60348,60576
60401,60673
60429,60704
60619,60756
60625,61031
60721,61087
61077,61187
61229,61327
61288,61572
61308,61735
61460,62002
61748,62129
61826,62129
61829,62129
61984,62129
62004,62129
62129,62129
62202,62129
62226,62129
62423,62129
62543,62129
62615,62129
62655,62129
62659,62129
62848,62129
62915,62129
63042,62129
63060,62129
63265,62408
63474,62495
63502,62515
63550,62535
63626,62559
63722,62738
63802,62855
63832,62986
63846,63000
63966,63263
64004,63271
64019,63317
64245,63359
64424,63409
64511,63459
64689,63670
64819,63742
65428,63820
65454,63891
65521,64040
65614,64175
65748,64274
65758,64525
65766,65021
65788,65236
65978,65290
66018,65587
66060,65830
66132,66228
66208,66320
66463,66365
66464,66583
66708,66837
66807,66921
66928,66929
66940,66940
67280,66940
67288,66940
67451,66940
67491,66940
67575,66981
67736,67057
67802,67066
67828,67169
67848,67277
67927,67481
68047,67506
68109,67828
68242,67828
68317,67828
68318,67828
68475,67844
68500,67849
68667,67927
68686,67927
68819,67927
69037,67927
69045,67927
69123,67927
69160,67927
69417,67927
69651,67927
69756,67927
70030,68239
70346,68378
70472,68507
70553,68742
70609,68873
70847,68886
71001,69114
71014,69145
71044,69215
71060,69353
71231,69362
71239,69527
71344,69537
71377,69550
71663,69619
71805,70030
71822,70030
71828,70030
71909,70030
72005,70030
72016,70030
72032,70030
72157,70030
72210,70030
72433,70030
72659,70030
73020,70030
73030,70030
73110,70555
73266,70621
73400,70718
73469,71547
73497,71761
73498,71872
73629,72228
73808,72248
74136,72337
74189,72432
74331,72607
74498,72651
74616,72939
74719,73141
74767,73266
74790,73266
74810,73266
74868,73266
74880,73266
74964,73266
74970,73266
75034,73266
75164,73266
75340,73266
75396,73266
75877,73266
75892,73266
76032,73266
76119,73266
76128,73266
76352,73266
76440,73266
76558,73310
76675,73714
76682,73851
76731,73909
76808,73992
76839,74064
76892,74174
77045,74313
77151,74331
77398,74559
77523,74757
77584,74814
77700,74914
77881,75003
77910,75437
77965,75460
78084,75569
78121,75605
78218,75622
78233,75645
78238,75708
78305,75711
78393,75723
78415,75842
78527,75856
78634,76030
78700,76104
78802,76171
78834,76543
79104,76623
79132,76760
79163,76995
79172,77094
79287,77151
79351,77151
79425,77151
79484,77151
79610,77151
79756,77151
79826,77151
79835,77151
79869,77167
79907,77268
79956,77363
80157,77370
80179,77395
80210,77403
80234,77570
80246,77709
80306,77812
80525,78031
80557,78158
80689,78479
80743,78805
80784,78826
80946,78876
80962,78920
80985,79052
81029,79079
81082,79283
81110,79359
81133,79431
81180,79432
81368,79855
81470,80051
81546,80112
81573,80231
81620,80601
81627,80666
81736,80726
81881,80833
81946,81436
82062,81809
82102,81830
82227,81945
82287,82295
82304,82325
82389,82442
82391,82570
82521,82681
82608,82701
82701,82701
82707,82701
82719,82701
82747,82701
83133,82701
83140,82701
83281,82701
83315,82701
83392,82701
83411,82701
83424,82701
83560,82701
83563,82701
83798,82701
83809,82701
83861,82701
83929,82701
83934,82701
84089,82716
84122,82739
84175,82753
84182,82963
84184,83316
84189,83525
84688,83620
84692,83687
84842,83734
84873,83861
84907,83861
84966,84284
85065,84577
85142,84601
85199,84643
85258,84813
85701,84936
85814,84954
85851,85090
85957,85199
86009,85199
86199,85199
86233,85199
86242,85199
86324,85199
86432,85199
86597,85199
86652,85199
86655,85199
86709,85199
86766,85233
87014,85296
87045,85348
87090,85546
87093,85638
87102,85646
87249,85679
87307,85851
87396,85851
87488,85851
87547,85851
87772,85851
87807,85851
87830,85851
87879,85851
87896,85851
87910,85851
87943,85851
87961,85851
88004,85851
88013,85952
88099,85987
88141,86183
88306,86192
88551,86331
88578,86445
88635,86471
88683,86838
88763,87024
88787,87050
88814,87060
88834,87229
88850,87339
88998,87478
89025,87507
89099,87764
89199,87779
89267,88060
89347,88230
89469,88329
89473,88453
89648,88787
89676,88974
89754,89012
89866,89172
89940,89250
90111,89259
90115,89560
90249,89576
90253,89609
90254,89768
90295,89946
90368,89989
90423,90420
90428,90494
90770,90498
90922,90698
91114,91024
91299,91342
91375,91451
91525,91461
91615,91531
91642,91599
91778,91728
91867,91745
91992,92129
92097,92129
92113,92129
92129,92129
92167,92129
92179,92129
92346,92129
92401,92129
92462,92129
92493,92130
92533,92479
92619,92531
92627,92536
92646,92570
92813,92740
92902,92837
92916,92864
92985,92981
93112,92992
93125,92997
93280,93182
93369,93573
93548,93605
93550,93643
93643,93643
93707,93643
93795,93643
93818,93643
93976,93643
94074,93643
94076,93643
94090,93643
94150,93643
94229,93643
94294,93643
94313,93686
94343,93798
94515,93860
94597,93894
94689,93997
94870,94307
95242,94506
95338,94507
95400,95115
95503,95206
95747,95402
95790,95724
95853,95977
95877,96018
96019,96240
96082,96240
96186,96240
96199,96240
96240,96240
96284,96240
96294,96240
96351,96240
96364,96240
96457,96240
96468,96244
96643,96377
96658,96594
96689,96633
96782,96903
96892,96958
96913,97016
96923,97202
97136,97907
97142,98085
97189,98088
97269,98147
97329,98413
97339,98476
97485,98685
97543,98740
97560,98740
97593,98740
97870,98740
97878,98740
97961,98740
98111,98740
98122,98740
98264,98740
98269,98740
98399,98740
98485,99100
98636,99130
98706,99409
98740,99433
98816,99508
98834,99554
99008,99599
99160,99696
99455,99699
99518,99715
99588,99882
99760,99903
99772,99947
