C1,C2,C3,C4,C5,C6,C7,C8
42,44,47,49,51,52,54,52
24,27,30,31,32,35,36,36
80,82,85,86,87,90,94,0
4,5,7,10,13,14,20,0
38,41,40,42,45,47,50,52
43,46,48,49,52,49,52,49
38,41,42,44,47,49,48,48
60,62,61,63,67,0,0,0
33,36,38,35,41,0,0,0
31,32,32,35,37,38,0,0
68,69,69,70,71,74,75,73
29,32,34,35,35,37,38,38
83,84,85,88,88,90,93,97
23,24,25,28,28,34,0,0
78,80,83,84,86,90,93,96
43,46,47,51,52,51,0,0
22,23,25,29,29,0,0,0
78,81,84,87,90,94,95,99
9,11,13,15,19,25,0,0
7,9,15,17,19,21,0,0
44,46,48,54,53,0,0,0
83,85,90,91,91,0,0,0
22,23,24,25,30,34,0,0
61,63,68,70,71,76,0,0
57,54,55,57,59,61,0,0
13,10,12,13,14,12,0,0
20,19,22,25,27,27,0,0
79,76,79,81,83,87,0,0
83,82,83,85,87,89,96,0
59,57,54,57,59,62,0,0
30,28,29,26,27,29,27,0
84,83,81,83,85,87,87,0
47,46,48,51,54,57,54,58
12,9,6,9,12,13,15,20
5,3,5,8,9,12,12,13
84,83,83,86,83,0,0,0
30,27,27,30,30,0,0,0
27,26,28,29,29,30,34,0
16,15,15,18,25,0,0,0
74,71,72,75,78,82,84,87
62,59,63,65,66,68,70,67
22,19,20,24,24,0,0,0
68,67,71,72,76,0,0,0
36,35,36,38,41,43,47,53
19,16,17,20,27,29,0,0
68,67,72,74,71,0,0,0
40,39,40,45,47,47,0,0
38,37,39,46,48,49,51,55
8,6,7,10,16,19,24,0
44,44,47,48,50,51,0,0
91,91,93,95,97,98,96,0
92,92,93,94,94,0,0,0
62,62,65,66,68,69,71,75
9,9,12,13,14,15,16,23
29,29,28,31,34,37,40,0
39,39,38,39,38,0,0,0
95,95,97,98,95,97,97,0
37,37,34,35,39,0,0,0
48,48,46,48,55,0,0,0
49,49,51,53,56,56,59,60
13,13,16,19,19,21,19,0
94,94,97,98,98,99,99,0
37,37,37,40,44,0,0,0
64,64,64,66,68,70,76,0
32,32,34,38,39,0,0,0
6,6,10,13,15,16,19,17
64,64,68,71,71,0,0,0
29,29,32,36,37,38,40,44
28,28,31,35,40,0,0,0
33,33,40,43,45,46,49,51
7,7,9,14,16,18,15,0
47,47,50,51,58,59,60,60
47,47,53,55,57,58,61,65
46,46,47,49,55,56,63,0
32,36,37,40,41,43,45,47
21,25,27,29,27,0,0,0
8,12,15,16,16,0,0,0
5,9,12,15,17,19,23,0
85,89,91,92,97,0,0,0
44,48,45,46,49,51,0,0
50,54,56,55,58,55,0,0
23,27,26,29,30,30,0,0
37,41,43,41,43,47,0,0
86,90,92,90,91,98,0,0
24,28,31,32,33,33,35,0
7,11,12,12,11,0,0,0
89,93,93,94,97,97,0,0
48,52,55,56,59,59,63,0
23,27,30,30,37,0,0,0
53,57,60,64,67,69,0,0
37,41,45,46,48,51,54,53
67,71,75,76,79,79,0,0
60,64,67,70,74,78,0,0
73,77,78,81,84,86,90,95
14,18,20,23,29,32,34,35
61,65,66,68,74,75,72,0
6,10,13,14,17,22,22,0
82,86,91,92,94,98,0,0
45,49,51,52,59,62,68,0
72,77,79,81,82,0,0,0
15,22,25,26,27,29,31,30
21,26,28,29,31,33,33,0
32,39,40,43,44,47,49,53
54,60,61,63,64,71,0,0
60,66,68,70,68,70,73,76
36,41,42,44,46,43,46,43
12,19,18,20,20,0,0,0
55,61,63,65,66,63,64,68
29,34,37,36,37,40,42,49
50,55,57,57,58,59,61,0
33,39,41,44,47,50,50,48
59,66,68,68,68,0,0,0
65,70,70,72,74,78,0,0
26,33,35,36,36,39,42,47
33,38,42,44,45,48,49,0
44,51,55,58,60,59,0,0
45,52,56,59,59,0,0,0
22,28,30,32,36,40,0,0
27,32,34,36,37,41,42,49
70,77,80,81,82,87,90,91
74,81,83,86,92,95,96,93
8,13,14,20,21,24,24,0
32,37,43,46,50,0,0,0
55,62,64,70,72,77,0,0
87,85,84,81,79,82,0,0
91,88,86,85,82,82,0,0
80,77,74,72,68,0,0,0
33,31,29,27,24,21,15,0
28,25,26,25,24,0,0,0
46,44,45,43,45,0,0,0
26,24,26,23,21,21,0,0
47,45,42,41,43,41,37,0
30,28,29,28,26,21,0,0
22,20,19,16,16,13,11,0
37,34,31,31,32,0,0,0
59,56,54,54,53,50,50,0
63,61,60,60,58,54,0,0
16,13,13,10,9,2,0,0
35,33,30,26,24,0,0,0
80,78,74,71,68,65,67,0
67,65,62,58,56,54,54,0
21,20,16,13,11,7,0,0
40,38,36,34,32,28,26,21
50,48,43,42,41,39,0,0
31,29,23,20,21,0,0,0
83,80,77,72,70,70,0,0
56,53,51,48,45,42,36,32
84,81,78,76,70,63,0,0
85,86,85,82,79,0,0,0
72,74,71,69,72,0,0,0
67,70,69,67,65,64,62,62
25,26,24,23,22,19,18,14
75,77,74,73,71,69,67,62
80,81,80,79,81,80,78,0
45,46,45,42,45,42,43,0
93,96,95,98,98,0,0,0
17,20,18,19,17,13,0,0
23,26,23,22,23,18,0,0
23,26,26,25,23,21,19,17
56,58,57,55,52,52,54,0
37,39,36,36,34,34,0,0
35,38,36,34,31,28,28,24
50,51,51,49,47,45,38,0
57,60,59,57,56,52,51,0
47,48,46,43,39,42,0,0
13,14,11,9,7,3,1,1
40,43,40,37,35,31,30,26
32,34,32,31,30,28,24,17
58,60,53,51,48,45,0,0
15,17,10,9,6,5,4,6
42,45,43,37,37,0,0,0
79,81,80,73,72,68,0,0
63,64,63,62,59,56,49,42
12,12,9,6,5,3,2,0
13,13,11,9,10,0,0,0
23,23,21,20,18,17,17,0
27,27,25,22,20,16,0,0
75,75,73,72,65,0,0,0
87,87,90,88,85,83,81,80
29,29,26,25,26,24,25,0
38,38,39,38,35,32,32,0
70,70,73,70,67,66,62,0
57,57,60,57,56,50,0,0
49,49,49,47,45,44,0,0
29,29,26,26,25,27,0,0
22,22,22,20,18,15,14,14
77,77,77,76,72,0,0,0
23,23,20,20,14,0,0,0
54,54,53,50,48,47,43,41
14,14,12,9,5,4,3,5
23,23,21,19,17,13,13,0
73,73,71,67,66,62,0,0
98,98,94,93,92,91,86,0
60,60,54,51,48,45,44,0
98,98,92,89,86,84,82,84
43,43,36,35,32,31,29,29
49,49,48,46,44,39,36,32
49,49,47,45,43,41,36,31
24,20,19,18,15,14,13,10
71,67,65,63,66,0,0,0
36,32,29,28,26,25,24,24
77,73,70,69,66,62,0,0
44,40,37,35,33,28,0,0
44,40,37,40,38,36,34,0
10,6,5,2,5,2,3,0
29,25,26,24,24,0,0,0
79,75,78,77,73,0,0,0
96,92,89,92,86,0,0,0
11,7,7,6,3,2,1,0
19,15,13,11,10,8,8,9
32,28,25,25,25,0,0,0
70,66,64,64,61,57,0,0
69,65,65,62,61,56,0,0
79,75,73,69,68,65,63,0
97,93,89,87,90,0,0,0
57,53,50,49,45,43,43,0
59,55,51,50,47,43,0,0
49,45,44,43,41,40,36,31
72,68,66,59,56,54,0,0
87,83,82,81,80,73,74,0
95,91,89,87,82,82,0,0
55,51,50,48,41,37,0,0
64,60,59,56,50,43,0,0
67,62,61,58,57,56,54,51
24,17,15,14,12,14,0,0
76,69,68,66,64,62,62,0
47,42,41,40,39,38,36,32
62,57,54,51,50,45,0,0
73,66,63,65,63,0,0,0
32,26,24,26,27,0,0,0
44,39,36,34,31,32,31,31
91,85,88,87,85,83,79,0
85,80,82,79,73,0,0,0
87,81,78,77,75,75,74,0
25,20,19,19,18,19,0,0
41,35,33,31,31,31,0,0
80,75,74,71,69,69,68,64
62,57,54,54,53,47,0,0
48,41,37,35,34,32,0,0
40,33,31,28,24,21,19,20
18,13,10,6,6,0,0,0
66,61,58,54,50,0,0,0
68,61,58,56,52,50,45,0
68,61,58,56,49,46,45,42
79,74,68,66,63,65,0,0
19,13,10,3,2,2,0,0
84,78,72,69,65,0,0,0
84,78,76,75,70,64,0,0
3,4,5,8,9,8,0,0
64,67,69,72,75,78,81,81
10,12,13,15,19,0,0,0
66,68,70,72,78,0,0,0
56,58,61,58,61,64,65,67
77,79,82,84,82,80,0,0
17,20,23,26,25,27,27,0
57,59,61,63,60,62,63,67
59,60,58,59,65,0,0,0
65,66,68,69,70,70,71,0
85,86,87,87,89,90,89,0
36,37,39,40,40,40,0,0
40,41,44,44,46,50,0,0
6,7,7,8,10,12,15,22
63,66,69,73,74,0,0,0
22,25,27,31,33,35,38,35
22,23,27,29,30,31,31,0
6,8,10,12,15,19,23,0
57,58,59,63,65,67,72,0
43,45,47,50,55,56,58,0
75,77,79,84,81,0,0,0
71,72,77,80,81,81,0,0
44,45,46,47,53,55,57,61
15,17,22,24,27,30,37,0
88,86,88,90,91,94,0,0
74,72,74,75,76,78,80,79
60,57,60,63,63,0,0,0
24,23,26,27,30,33,35,39
49,48,51,54,57,64,0,0
46,43,40,43,44,45,48,0
43,41,42,43,41,42,40,0
55,54,55,56,59,60,57,57
64,62,64,67,70,68,72,0
42,41,38,40,43,46,53,0
86,85,87,87,89,0,0,0
84,81,83,83,80,0,0,0
72,69,70,73,76,76,76,0
65,64,64,65,67,71,0,0
71,69,71,71,73,75,81,0
6,5,9,12,15,0,0,0
46,45,48,51,55,54,0,0
70,69,72,76,76,0,0,0
30,28,30,33,37,40,41,45
70,69,71,72,73,77,79,84
53,51,52,54,61,62,0,0
42,39,41,46,48,51,50,0
16,14,17,19,24,26,27,27
74,72,75,77,84,85,89,0
65,63,69,71,78,0,0,0
81,81,84,85,86,87,0,0
81,81,84,87,88,91,88,0
26,26,27,30,32,35,35,0
18,18,21,22,24,26,29,33
21,21,22,23,26,27,29,36
61,61,64,63,66,0,0,0
36,36,37,40,41,38,40,39
68,68,69,67,67,0,0,0
51,51,48,50,54,0,0,0
4,4,2,3,5,7,10,17
51,51,54,57,57,58,0,0
54,54,57,57,54,0,0,0
62,62,64,64,65,65,0,0
64,64,66,66,70,0,0,0
84,84,87,89,89,95,0,0
4,4,5,7,9,13,16,17
1,1,4,6,7,9,13,11
30,30,34,35,35,0,0,0
54,54,57,60,64,66,67,71
58,58,59,60,63,64,68,73
90,90,91,96,99,0,0,0
48,48,54,55,56,57,58,56
25,25,27,34,37,38,38,0
54,54,55,61,64,67,71,0
8,8,10,13,14,15,22,27
16,20,21,24,27,29,31,0
38,42,44,46,47,50,47,0
41,45,46,49,52,54,54,0
41,45,47,49,51,53,57,0
76,80,83,84,90,0,0,0
63,67,69,70,68,69,0,0
10,14,16,19,21,19,22,21
43,47,49,46,46,0,0,0
66,70,67,68,72,0,0,0
36,40,43,40,46,0,0,0
81,85,86,86,88,90,92,0
66,70,70,71,73,76,73,0
37,41,41,42,44,46,46,0
4,8,8,9,12,14,18,0
53,57,59,60,60,62,68,0
80,84,85,89,90,93,0,0
64,68,71,75,76,77,79,78
25,29,33,35,36,39,39,0
74,78,79,82,86,87,91,0
26,30,33,37,44,0,0,0
69,73,78,80,82,0,0,0
70,74,80,83,86,84,0,0
23,27,28,34,37,37,0,0
55,59,61,64,70,73,75,79
32,36,38,40,42,48,51,57
63,68,71,73,76,77,0,0
62,68,69,71,72,69,0,0
82,87,88,89,92,93,95,95
51,56,59,61,62,63,66,70
19,24,25,27,29,36,0,0
56,61,62,59,62,0,0,0
57,64,65,63,61,0,0,0
46,51,53,56,54,56,56,0
70,76,78,81,78,82,0,0
11,17,19,21,22,20,26,0
26,33,35,35,37,38,39,0
79,85,86,89,90,91,91,89
89,94,96,98,98,98,0,0
35,40,40,42,43,45,47,51
67,74,76,76,78,84,0,0
23,30,31,32,36,39,41,44
33,39,42,45,49,47,0,0
50,57,59,63,64,64,0,0
71,77,80,81,85,87,88,92
46,53,54,58,65,0,0,0
50,55,58,61,62,67,68,0
9,14,17,22,21,0,0,0
74,80,83,86,91,92,93,93
35,41,48,49,52,53,57,0
54,60,62,64,67,73,75,82
75,74,71,69,67,64,67,0
31,29,28,25,25,0,0,0
60,58,55,54,53,52,49,45
29,26,25,23,16,0,0,0
90,88,85,86,83,80,78,77
9,6,3,6,7,0,0,0
12,9,8,7,9,6,6,0
97,95,92,94,90,0,0,0
89,87,84,87,84,82,79,74
67,65,63,60,58,58,57,0
54,51,48,48,45,46,0,0
93,90,87,85,85,85,0,0
36,34,34,31,30,26,0,0
86,85,84,84,79,0,0,0
42,40,38,35,31,30,27,24
32,29,26,22,23,0,0,0
39,37,34,30,27,24,23,23
85,83,79,76,74,72,68,0
67,64,62,60,56,55,54,47
97,94,93,91,88,87,80,79
67,65,64,59,57,59,0,0
43,40,38,36,31,29,29,0
22,20,18,13,10,7,3,0
49,47,45,42,40,34,28,0
75,78,75,73,70,0,0,0
7,8,6,4,7,0,0,0
95,97,95,94,94,0,0,0
36,37,36,33,29,0,0,0
96,98,95,93,92,86,0,0
3,5,6,3,2,0,0,0
33,36,34,31,32,35,0,0
13,16,13,14,14,0,0,0
45,46,48,45,43,42,38,0
36,37,34,36,29,0,0,0
27,30,30,28,27,0,0,0
91,92,89,86,83,83,85,0
80,83,83,82,82,0,0,0
33,35,34,32,31,31,28,24
93,95,92,92,87,0,0,0
41,44,43,39,36,34,0,0
17,20,16,15,16,0,0,0
92,94,93,90,88,87,83,83
55,58,57,54,50,46,0,0
44,45,43,41,37,31,0,0
95,97,94,93,90,83,81,80
96,99,92,91,88,90,0,0
38,41,40,39,37,32,31,31
30,33,27,24,23,22,18,0
22,25,23,16,14,7,0,0
20,20,18,15,12,0,0,0
47,47,44,41,42,0,0,0
39,39,38,35,32,29,27,27
84,84,83,81,79,77,73,0
89,89,86,83,80,78,71,0
71,71,68,69,67,0,0,0
66,66,64,66,69,0,0,0
67,67,64,63,66,66,0,0
56,56,55,52,51,50,51,47
62,62,59,62,59,57,56,51
75,75,72,72,69,66,64,62
81,81,80,80,82,0,0,0
72,72,69,69,69,0,0,0
43,43,42,41,41,38,34,0
39,39,37,37,35,32,27,0
24,24,20,19,16,15,13,11
18,18,14,11,12,0,0,0
18,18,14,13,11,10,10,0
82,82,80,79,76,72,71,67
71,71,70,67,63,62,59,53
91,91,84,81,78,0,0,0
46,46,43,37,40,0,0,0
14,14,8,7,7,0,0,0
47,47,42,39,36,33,32,28
19,19,14,12,10,9,7,2
75,71,69,67,64,63,0,0
88,84,81,80,77,75,74,76
80,76,75,74,71,70,70,0
79,75,74,72,68,0,0,0
44,40,37,36,34,28,0,0
50,46,44,47,46,0,0,0
51,47,49,48,47,44,42,45
35,31,33,30,28,25,23,23
19,15,14,11,13,12,11,7
49,45,44,43,44,39,0,0
23,19,18,18,15,14,12,0
53,49,48,48,50,0,0,0
56,52,52,51,51,0,0,0
70,66,64,64,63,62,58,0
75,71,69,66,66,63,57,0
59,55,53,49,46,0,0,0
94,90,86,85,83,86,0,0
90,86,82,81,81,0,0,0
51,47,43,41,37,0,0,0
63,59,56,54,50,45,0,0
75,71,68,65,60,57,54,0
25,21,18,13,10,8,9,0
95,91,85,84,84,0,0,0
96,92,89,86,81,77,0,0
42,38,36,34,28,27,25,20
52,45,43,41,39,38,0,0
61,56,54,52,51,53,0,0
90,83,82,79,77,76,76,0
99,94,92,89,88,84,0,0
50,45,43,41,39,38,35,29
10,5,8,7,6,0,0,0
68,63,62,59,61,64,0,0
89,82,79,82,79,77,77,0
15,8,9,8,5,1,0,0
22,17,14,17,12,0,0,0
22,17,16,13,10,10,9,8
31,24,21,20,17,17,15,16
60,55,54,54,54,0,0,0
59,54,52,51,49,46,46,42
95,88,86,86,81,0,0,0
57,52,49,46,45,41,40,39
46,41,38,36,32,33,0,0
31,26,24,21,19,17,13,13
58,52,50,46,45,43,42,38
40,35,34,30,29,23,0,0
93,88,87,82,81,78,0,0
84,78,75,72,66,69,0,0
58,52,47,46,46,0,0,0
21,15,13,12,7,5,1,0
60,54,53,48,41,0,0,0
43,45,52,54,55,55,0,0
62,58,55,52,55,54,50,0
27,26,23,20,18,20,16,0
21,19,21,19,18,16,14,12
5,12,15,21,22,21,0,0
43,36,34,37,36,35,37,0
49,50,47,46,47,45,45,0
53,53,49,46,43,42,40,40
52,51,49,52,49,44,0,0
29,35,38,40,42,41,43,47
68,69,68,66,65,58,0,0
84,84,87,89,90,91,93,94
18,18,16,15,17,0,0,0
2,2,4,6,8,8,0,0
52,52,54,52,53,57,0,0
84,88,89,96,95,0,0,0
30,32,35,37,39,42,46,45
34,27,25,18,15,8,0,0
48,44,43,41,34,33,29,0
32,32,33,32,33,0,0,0
96,96,96,94,92,85,0,0
97,94,92,90,88,87,83,0
36,32,35,33,32,29,27,28
35,28,27,22,18,0,0,0
41,45,47,44,47,49,47,0
48,51,52,53,56,60,62,0
88,82,80,77,78,72,0,0
39,41,44,51,55,0,0,0
17,17,21,22,26,0,0,0
59,61,63,66,67,65,0,0
93,89,91,88,85,82,75,0
89,85,84,81,78,79,0,0
23,18,16,15,18,16,0,0
19,15,16,15,15,0,0,0
20,20,21,23,30,37,0,0
82,75,74,71,69,67,70,0
12,12,16,18,24,0,0,0
60,60,59,56,49,49,0,0
68,68,70,73,74,80,81,78
20,23,25,22,20,18,0,0
26,26,27,30,30,33,34,32
89,84,79,78,78,0,0,0
32,31,29,31,33,36,0,0
12,9,11,13,15,19,0,0
21,28,30,31,32,35,37,37
77,77,76,73,71,68,67,0
84,83,80,80,75,0,0,0
76,73,71,69,68,69,0,0
47,40,34,31,29,27,24,26
27,33,34,38,40,41,42,45
60,59,60,62,63,66,64,64
59,63,64,65,67,69,70,74
15,8,10,8,8,0,0,0
56,56,55,53,51,47,42,0
69,68,67,64,63,59,58,54
71,68,69,67,70,72,78,0
66,69,66,64,61,59,55,57
13,13,10,9,6,6,4,1
94,89,87,85,82,80,76,73
18,23,23,26,28,0,0,0
19,19,18,17,15,14,10,13
18,22,23,20,24,0,0,0
36,32,31,24,22,20,0,0
39,41,39,36,35,35,0,0
73,70,67,68,71,72,73,77
20,18,18,21,21,0,0,0
89,91,94,95,96,95,97,97
62,58,57,55,52,51,51,0
96,96,95,93,92,90,87,80
56,57,57,55,54,51,49,0
22,18,17,16,13,0,0,0
40,44,45,42,45,46,46,0
96,92,89,89,84,0,0,0
84,83,81,76,75,75,0,0
23,24,27,29,32,32,35,0
88,90,90,89,87,89,0,0
89,82,78,76,72,0,0,0
11,9,13,16,18,22,0,0
70,67,66,64,62,58,51,0
78,78,77,76,71,68,65,0
70,70,72,75,78,80,83,90
37,31,31,28,27,27,0,0
4,4,6,9,10,11,15,18
11,11,13,13,17,0,0,0
53,59,62,64,61,62,62,0
77,81,80,81,82,84,89,0
2,7,12,15,16,19,20,23
58,58,61,64,67,64,66,68
3,6,9,12,15,16,16,0
46,45,45,47,49,46,0,0
65,66,63,61,60,55,53,56
39,33,31,27,27,0,0,0
26,30,31,35,37,37,0,0
51,55,57,59,59,0,0,0
97,97,96,95,96,95,0,0
96,89,87,84,85,81,0,0
9,13,15,15,17,20,24,0
37,30,28,25,24,23,22,17
41,35,35,32,35,0,0,0
43,45,43,46,47,0,0,0
62,62,60,58,55,53,53,0
10,14,17,21,24,26,29,0
93,93,90,89,85,0,0,0
77,77,84,86,88,0,0,0
90,88,88,91,98,0,0,0
98,95,92,91,90,90,87,87
71,72,76,79,83,0,0,0
27,27,25,24,20,18,17,0
45,51,52,54,56,59,61,59
20,20,20,19,16,18,0,0
32,28,28,26,24,23,22,0
30,33,34,39,41,43,50,0
33,32,29,27,22,0,0,0
28,26,28,31,35,36,0,0
63,66,59,58,56,53,51,0
66,70,72,76,80,0,0,0
62,62,66,67,70,72,72,0
66,67,67,64,63,60,59,53
23,27,29,30,31,36,0,0
87,80,79,78,75,71,0,0
97,98,97,96,95,90,86,0
75,72,75,81,82,85,89,0
36,31,28,28,26,23,21,14
32,37,44,45,48,48,0,0
50,54,55,57,59,62,0,0
73,76,75,72,70,67,60,54
64,68,69,71,69,72,74,75
57,64,66,68,72,73,75,75
87,87,86,87,85,81,0,0
74,80,84,87,92,0,0,0
99,95,94,91,88,81,81,0
41,38,40,38,38,0,0,0
30,34,37,40,43,49,49,0
28,26,28,31,32,33,39,0
61,65,65,67,68,70,72,75
59,60,64,67,74,0,0,0
44,46,46,47,47,0,0,0
30,26,25,24,22,18,0,0
18,20,23,25,28,29,34,0
66,66,67,68,69,69,71,76
82,83,84,86,88,88,85,0
37,33,31,30,29,26,20,0
11,11,11,10,7,7,0,0
58,59,61,59,62,64,68,0
38,39,36,34,32,29,25,0
50,56,59,61,63,65,71,0
33,36,37,34,39,0,0,0
39,35,32,30,26,27,0,0
20,26,28,29,26,29,0,0
38,37,39,45,45,0,0,0
1,2,5,8,8,15,0,0
54,54,56,58,63,65,66,66
29,34,36,37,40,0,0,0
89,85,82,81,80,76,75,74
37,41,46,48,51,55,0,0
98,94,94,93,91,90,86,0
6,3,5,8,10,12,12,0
20,27,24,27,32,0,0,0
38,33,27,24,23,22,0,0
59,60,57,55,53,51,52,0
19,25,26,26,31,0,0,0
83,83,85,82,84,85,84,0
44,45,44,44,44,0,0,0
6,11,14,16,22,24,25,30
9,7,10,7,6,9,0,0
74,75,72,68,67,63,0,0
64,57,56,53,51,49,49,0
33,31,31,29,27,24,22,18
74,71,70,67,63,62,65,0
25,21,17,16,12,0,0,0
18,22,25,28,28,30,33,33
88,86,82,79,76,74,71,70
21,25,28,29,36,43,0,0
82,83,87,89,90,90,0,0
62,62,61,60,59,58,52,54
87,88,85,86,83,81,77,0
65,59,57,57,53,0,0,0
77,70,69,66,63,0,0,0
42,38,37,35,32,26,19,0
47,47,46,43,40,37,31,26
4,4,6,5,2,2,0,0
78,78,75,74,71,67,63,0
85,84,78,75,73,67,0,0
38,37,38,40,43,46,43,0
40,35,35,34,32,0,0,0
5,5,7,9,12,16,0,0
70,66,64,60,59,57,54,49
62,63,61,62,57,0,0,0
37,37,38,37,36,34,28,0
38,43,43,44,46,47,46,0
84,83,82,78,78,0,0,0
27,24,27,30,31,35,42,0
82,83,84,85,92,94,0,0
74,77,78,81,79,80,77,0
80,80,77,70,67,65,64,60
40,44,46,49,51,51,48,0
43,47,48,54,56,0,0,0
20,16,14,12,8,8,0,0
57,55,57,60,63,60,58,0
91,94,93,92,90,0,0,0
14,21,24,25,26,27,27,27
76,76,83,84,86,90,0,0
54,57,58,60,66,64,0,0
21,22,24,21,22,25,27,0
17,16,14,11,9,7,7,0
78,74,73,72,71,68,62,65
91,91,92,94,96,99,98,0
55,55,54,55,60,0,0,0
85,81,80,78,76,76,73,73
56,60,62,64,66,68,72,78
37,44,46,50,52,54,56,60
32,33,32,30,26,20,0,0
61,66,67,68,70,70,71,75
47,44,42,42,39,38,36,34
9,8,10,17,20,21,24,0
78,72,68,65,62,60,53,0
31,29,32,39,45,0,0,0
48,46,49,50,53,54,56,57
20,24,25,26,29,30,28,0
86,84,89,92,94,97,95,0
11,11,12,14,14,17,18,18
20,24,25,29,31,33,30,0
51,53,55,57,58,60,62,0
15,13,11,9,7,4,0,0
63,64,65,68,71,73,0,0
31,33,36,38,40,43,45,48
60,58,56,55,54,51,0,0
2,4,6,9,12,13,15,16
13,16,19,20,22,24,27,0
69,70,73,75,77,79,0,0
31,32,34,36,38,39,41,0
18,21,22,24,26,0,0,0
7,8,11,13,15,18,20,23
52,50,47,46,43,0,0,0
40,37,34,32,31,29,0,0
24,26,27,29,32,34,37,0
33,30,28,25,22,19,17,0
13,10,7,6,5,3,2,0
24,22,20,18,16,14,11,0
69,66,64,62,60,59,58,0
33,32,30,29,28,27,0,0
94,93,90,87,86,0,0,0
38,35,32,30,27,0,0,0
63,65,66,67,68,70,0,0
55,57,60,62,65,66,68,0
54,57,58,60,63,66,0,0
30,29,27,24,23,0,0,0
17,16,15,12,10,7,5,3
58,57,54,53,51,49,47,0
17,19,21,24,27,0,0,0
74,76,78,81,84,85,88,89
75,73,72,70,67,64,62,0
52,53,56,59,62,0,0,0
36,33,31,29,26,23,0,0
81,84,87,88,91,0,0,0
89,87,84,83,82,79,76,0
30,33,34,36,38,41,42,44
37,36,34,33,32,29,28,0
97,96,95,92,91,89,0,0
26,29,30,31,34,37,38,0
47,46,43,41,39,36,0,0
14,16,19,20,23,26,29,0
67,68,71,74,77,80,0,0
67,65,63,61,60,57,54,0
17,18,21,24,27,30,33,0
93,92,89,86,85,0,0,0
50,53,55,57,59,0,0,0
45,47,50,51,54,57,0,0
56,58,59,60,62,65,67,0
84,82,80,79,76,74,71,70
47,44,41,39,37,0,0,0
54,56,57,60,61,64,0,0
64,61,59,56,55,0,0,0
34,36,37,38,39,0,0,0
57,56,53,51,48,46,43,0
76,73,71,68,65,62,60,0
27,29,32,33,34,37,40,0
57,59,61,63,66,68,0,0
40,39,38,37,34,33,0,0
44,43,40,37,35,32,31,29
37,36,35,34,31,29,26,0
28,26,25,24,22,19,17,0
67,68,70,73,75,77,0,0
47,44,41,39,36,35,34,0
89,87,86,85,82,0,0,0
35,37,39,40,42,0,0,0
77,75,72,71,69,66,0,0
44,43,41,40,38,0,0,0
60,61,63,64,66,69,0,0
20,17,16,15,13,12,0,0
10,9,6,5,2,0,0,0
95,93,92,89,88,86,0,0
36,33,31,30,27,25,0,0
81,80,77,74,72,0,0,0
63,64,66,68,70,0,0,0
30,33,36,39,41,44,45,46
66,69,70,72,73,76,77,79
86,89,92,93,95,0,0,0
52,53,56,58,59,62,65,66
42,39,38,35,33,32,29,0
11,12,14,15,16,0,0,0
31,34,36,38,40,41,0,0
57,60,61,63,65,66,0,0
27,24,21,18,17,15,12,10
57,56,55,53,50,48,0,0
25,22,20,18,15,0,0,0
70,67,64,62,61,0,0,0
21,23,24,26,28,0,0,0
12,9,6,4,3,0,0,0
76,77,80,82,85,88,89,92
56,53,50,49,46,44,41,40
85,88,90,93,95,96,98,0
71,73,76,79,81,83,0,0
46,47,50,52,54,55,56,0
70,71,72,74,77,0,0,0
53,51,48,46,44,43,42,39
2,4,6,9,10,12,13,0
58,56,54,53,52,51,0,0
65,68,71,72,75,0,0,0
85,84,81,80,78,77,74,0
19,20,22,25,26,29,32,35
6,8,10,13,15,18,20,0
62,59,57,55,54,0,0,0
21,20,19,16,15,0,0,0
17,15,12,10,8,0,0,0
88,90,91,92,93,95,96,0
37,36,34,32,31,0,0,0
77,79,82,85,86,87,0,0
78,81,84,86,88,89,0,0
44,43,42,39,37,34,31,28
55,52,49,46,44,41,40,38
86,87,88,90,93,94,95,97
69,67,66,64,61,0,0,0
30,31,34,37,39,0,0,0
74,75,77,80,82,83,84,0
46,49,50,52,55,56,0,0
80,77,76,75,74,0,0,0
58,61,64,67,69,72,74,0
85,87,88,90,93,94,96,97
79,82,84,87,89,90,92,94
12,15,17,19,22,0,0,0
30,29,27,26,25,0,0,0
39,38,35,34,32,0,0,0
57,56,55,54,53,50,47,44
63,61,58,55,54,52,50,0
93,92,91,88,87,0,0,0
45,47,49,50,51,0,0,0
69,67,66,64,61,58,56,0
55,53,52,51,48,45,44,0
64,63,61,58,57,0,0,0
73,74,75,77,78,79,0,0
9,6,4,3,1,0,0,0
19,22,24,26,27,29,0,0
24,23,21,19,17,14,0,0
82,80,78,75,72,71,0,0
22,24,25,28,31,0,0,0
59,60,63,64,66,0,0,0
22,23,26,27,30,0,0,0
67,65,64,61,60,59,0,0
22,23,25,26,28,30,33,36
34,35,37,38,40,43,44,47
71,70,69,66,64,61,0,0
44,41,40,37,36,0,0,0
32,33,34,37,39,42,45,47
37,38,39,41,44,47,0,0
56,53,52,50,49,48,0,0
75,74,71,69,67,64,61,58
93,92,89,88,86,84,83,0
16,14,11,9,8,7,6,4
42,45,47,50,52,0,0,0
85,86,89,90,93,0,0,0
79,82,83,84,86,89,90,0
40,38,37,34,32,29,0,0
40,43,44,46,48,49,0,0
86,85,83,82,81,80,0,0
91,88,86,85,82,81,0,0
49,50,52,54,56,58,60,0
55,56,57,58,60,0,0,0
83,81,79,76,73,70,68,66
43,42,40,39,37,36,33,0
57,58,59,60,63,0,0,0
48,50,51,54,57,58,0,0
36,37,38,40,43,45,46,49
37,38,39,42,43,46,0,0
72,71,69,66,63,60,59,0
56,55,53,50,49,47,44,0
56,58,59,62,63,0,0,0
35,37,38,41,44,46,49,51
30,28,27,25,24,0,0,0
71,70,69,68,67,0,0,0
68,66,65,63,62,60,57,54
60,61,63,64,65,66,67,0
1,4,5,6,9,10,0,0
30,27,25,22,20,19,17,15
60,59,58,57,55,52,0,0
53,54,56,57,59,62,63,64
93,91,88,87,86,84,83,81
96,93,92,89,87,85,83,82
65,63,61,58,55,54,53,51
10,13,16,18,19,22,25,26
26,27,29,32,35,37,40,42
90,87,84,82,80,79,77,0
55,57,58,59,62,65,0,0
38,41,42,45,48,51,0,0
12,13,15,17,19,22,23,0
61,59,58,55,53,52,0,0
2,3,5,8,11,13,16,18
60,62,64,67,68,71,74,76
13,10,9,8,7,6,3,1
66,69,70,73,75,76,79,0
67,66,65,62,60,57,0,0
87,84,82,80,77,75,72,0
78,80,82,85,86,88,91,93
39,36,34,32,29,26,0,0
24,22,21,20,18,0,0,0
41,38,35,32,29,28,27,25
86,87,88,90,92,95,0,0
96,95,93,90,88,0,0,0
37,40,42,44,47,0,0,0
36,39,41,44,47,48,50,51
89,90,93,94,95,96,0,0
19,16,15,14,12,10,9,0
66,67,68,69,70,72,73,76
87,85,84,82,79,76,73,71
50,53,55,56,57,0,0,0
31,33,35,37,38,40,41,44
63,60,59,57,56,54,0,0
14,16,19,20,21,22,0,0
82,81,78,75,74,0,0,0
53,55,57,59,60,62,64,0
88,91,93,94,96,97,0,0
62,64,65,67,69,70,72,75
14,12,11,9,8,0,0,0
23,22,21,18,17,14,12,11
85,82,79,78,77,0,0,0
49,52,55,58,60,61,0,0
66,67,70,72,75,78,81,0
76,79,81,84,87,90,92,0
38,40,42,43,44,47,0,0
45,42,39,36,33,32,31,0
53,56,59,62,63,66,68,71
77,76,73,70,68,66,0,0
42,40,37,36,35,33,30,28
4,7,9,12,13,16,17,0
84,87,88,89,91,0,0,0
33,34,37,38,40,0,0,0
13,15,17,20,23,26,29,31
63,62,61,58,57,0,0,0
12,9,7,6,5,4,2,1
86,87,88,90,91,0,0,0
88,85,84,83,80,77,0,0
12,11,10,7,6,0,0,0
58,59,61,62,63,65,67,69
55,52,51,48,46,43,42,0
64,61,59,56,54,52,50,0
93,90,89,87,85,84,81,0
40,41,43,46,49,0,0,0
65,63,62,60,59,56,55,0
87,86,83,80,78,76,0,0
34,36,39,40,43,0,0,0
24,25,28,31,34,37,38,39
30,27,24,22,21,0,0,0
26,25,24,23,21,19,16,13
47,45,42,41,40,39,0,0
35,34,33,31,29,0,0,0
24,23,20,18,17,16,15,14
82,80,77,74,71,0,0,0
16,18,21,24,27,30,33,0
61,58,57,56,55,0,0,0
40,39,37,35,32,0,0,0
70,72,75,78,80,83,86,89
68,65,63,62,61,59,0,0
91,89,87,85,82,81,80,0
5,6,8,11,13,0,0,0
24,26,29,32,34,0,0,0
46,47,48,49,50,53,56,0
69,71,73,76,79,81,84,0
2,4,6,9,12,15,17,0
64,65,66,67,68,0,0,0
68,67,64,63,61,0,0,0
38,36,35,33,32,29,28,0
22,21,20,19,18,15,0,0
61,60,57,54,51,0,0,0
15,13,11,10,7,4,0,0
5,7,9,12,14,17,18,20
89,86,85,84,81,80,77,0
31,34,36,39,42,43,0,0
95,92,90,89,88,0,0,0
74,75,76,78,81,82,85,86
6,7,10,13,14,15,17,19
75,77,79,81,82,0,0,0
52,53,54,55,56,58,0,0
43,40,39,38,37,36,35,0
54,51,50,49,46,0,0,0
70,73,74,76,78,80,0,0
67,66,65,62,59,58,57,0
31,33,34,35,37,39,0,0
56,58,59,62,63,66,69,70
24,22,21,20,18,16,15,0
22,23,24,25,27,0,0,0
82,83,84,87,88,0,0,0
41,43,45,46,49,52,0,0
24,22,21,19,16,15,13,12
61,64,66,69,71,72,75,77
